上传时间,回复数,点赞数,up是否回复,up是否点赞,评论文本
1675931003,5,7,False,False,安装好播放不了是什么原因
1676001683,0,0,False,False,6
1675931046,1,0,False,False,6
1675931022,1,0,False,False,66
1675930982,1,0,False,False,6
