上传时间,回复数,点赞数,up是否回复,up是否点赞,评论文本
1675834864,1,1,True,False,666
1676036058,0,0,False,False,666
1676020942,0,0,False,False,666
1676016451,0,0,False,False,666
1676010653,0,0,False,False,666
1675995362,0,0,False,False,666河北事业单位押题卷
1675989962,0,0,False,False,666
1675985894,0,0,False,False,666
1675955168,0,0,False,False,666
1675910353,0,0,False,False,666
1675905891,0,0,False,False,666
1675902157,0,0,False,False,666
1675870270,0,0,False,False,666
1675865571,0,0,False,False,666
1675863410,0,0,False,False,666
1675843306,0,0,False,False,666
