发送时间,视频内弹幕出现时间,弹幕文本
1676448998,245.48100,唐朝广东不是还没开化么
1676442627,50.40400,猪脚粉才多，猪脚面到时很少人会要面的
1676440137,370.94100,我的币要他作甚
1676440124,358.18200,我的天
1676419619,478.27200,猪脚面是肘子啊
1676393330,40.23600,俺是惠来隆江人
1676392472,389.22600,饭，你们的面我吃不惯
1676388447,376.10600,熊猫！！！
1676387984,428.67600,直接点外卖 叫一份
1676383346,351.65400,这是头圈，也有用猪脚或者四点的，是可以选的
1676382462,360.21200,这个是蹄膀吧
1676382261,329.74900,真·猪脚面
1676381823,411.50600,为什么要让我晚上刷到
1676378197,375.40100,这就是肘子啊，只不过广东这边都是叫猪脚饭
1676373736,359.07000,说是肘子的 都去隆江看看！！！！
1676372828,351.53900,太软了，感觉没啥嚼头了
1676363894,313.64600,正确的
1676358218,208.66000,拖鞋煮了都香
1676354680,33.81900,不好意思，我潮汕地区的，不饿，吃的多的很，哈哈哈
1676352497,39.33600,饿饿饭饭
1676352084,292.35500,万万没想到
1676350736,26.19000,.
1676350285,371.45400,这难道不是肘子嘛
1676342547,470.84700,气哭了
1676342495,424.68100,现在开始生气了
1676342185,48.81900,大肘子！
1676340775,341.32600,这是肘子面吧
1676340218,218.80500,除客皆刀，呜呜呜
1676331698,253.09600,唐朝时候连两湖都还没开发吧，而且不怎么吃猪肉
1676317351,429.43800,我汆了
1676316648,376.52700,狂飙里的好像是猪蹄
1676305660,376.64300,29交个朋友
1676305612,284.88100,这一天就没了
1676302649,389.73800,要！给！！！我就给
1676299109,390.14700,我都要！
1676297034,370.18500,这味道，才正宗！
1676296666,376.38200,$58
1676294025,377.47900,太奢侈了，广州这边哪里会有这么多肉
1676292804,429.15400,你少吃一点，给粉丝多吃一点，特别是我！？
1676292587,374.41900,救命 太好吃了吧
1676291369,375.65600,香迷糊了啊！！！！！
1676290390,126.69700,说只因油就行了，都知道
1676289343,400.02800,高压锅可以吗
1676288346,362.57900,期待有一天八眉的影视混剪
1676287512,342.91100,猪肘面
1676285575,39.33900,简单的主食
1676285383,164.26500,宣迟但到
1676284848,155.19900,up数香料的样子跟我背中药的时候好像哈哈哈
1676273350,49.03800,不是小吃。。。那时快餐
1676272701,266.92000,QQ捏捏，好喝到...（对不起，走错了）
1676272647,237.56500,所以我用香料洗jio，然后洗jio水煮好可以直接拌饭是吧？
1676268763,33.47000,饿饿饿
1676263764,130.33100,y洋葱？
1676262888,154.20300,杀人是犯法的
1676260264,313.86900,哈哈哈哈哈哈哈投了投了
1676257886,361.27800,救命好想吃
1676256080,80.35100,老只因
1676249903,457.97400,你想当大哥
1676230519,373.77500,啊啊啊啊啊啊啊啊啊啊婐好餓
1676227195,113.03300,我觉得用浓汤宝加奶粉试试 估计也行（大概
1676221986,111.96900,谁说投喂不负责 懂不懂的啊
1676221523,22.26000,隆江就算了
1676220302,252.92000,明天就喊我妈卤一支我啃！
1676220011,307.90200,猪：我的jio呢？
1676219972,384.36100,我吃饭！！！！！！！
1676219717,389.98200,饭！大碗的！
1676218554,313.90000,笑死我了
1676214020,142.21400,有车的保养后的油别浪费了
1676213376,384.78100,这不就是猪脚粉么....有啥奇怪，私以为以钦州为佳
1676211356,104.49800,字幕：把肉剔下来
1676211225,15.00700,我不一样，我馋高启兰
1676211000,33.58000,可不是小吃  是打工人的主食
1676210354,360.21900,这么多肉是肘子吧
1676208521,389.66500,饭
1676207059,406.72600,全都要
1676204131,4.70000,南无地藏王菩萨
1676203536,435.84400,请问八眉有女朋友了吗
1676203238,14.65900,我也好想吃
1676202928,202.10700,这卤鞋垫都好吃
1676202782,214.95600,蹄膀bang
1676201723,313.62000,哈哈哈哈哈哈哈哈
1676200849,414.12400,挠头了，确定是好吃的
1676200847,6.74000,肘子
1676200195,114.14000,科技与整活（Doge）
1676198149,463.40600,你哪来的nfs
1676197815,106.11800,不是都打了字母把肉剔下来吗  害
1676197694,389.62900,投俩是吧
1676197170,4.88200,哇哇哇哇^
1676195881,246.00700,那会儿能不愁吃白米白面的都是达官显贵吧
1676194651,113.89700,告辭  太麻煩了
1676193571,268.21100,中国有句古话——
1676193431,214.63300,这个是俺们北方的大肘子吗hhhh
1676193203,211.75900,鱼露就是鱼的尸油。。
1676190634,362.45500,肉夹馍
1676189312,136.73700,卤虾油
1676188933,164.66100,农国栋师傅吗？
1676188002,170.30200,大胆一点，吃过的也不怎么分的出来
1676185683,319.88700,猪jio汤
1676185620,256.69800,唐朝不兴吃猪肉
1676184958,300.34200,可以 你币有了
1676183773,87.23300,大地鱼干=替补（潮汕话）
1676183705,383.95900,我也吃不到 呜呜呜
1676182470,451.18000,男粉丝震怒
1676181697,66.08400,前面的真典，就潮汕好吃是吧
1676181685,243.75300,那时候生猪出栏量和现在可没得比
1676179732,145.00900,放0w-20的机油可以吗
1676179477,369.40600,26￥
1676179441,395.44900,我都要！毕竟投币了
1676179197,407.21000,刚吃饱，看着没食欲
1676174830,153.85000,比伯呢
1676174702,33.86000,这是主食
1676173996,375.74400,20块交个朋友
1676173863,378.58000,这筷子，假冒一次性的
1676173744,389.24400,拼
1676172992,65.81800,还有大地鱼干
1676169510,176.74500,农国栋吧
1676169222,33.73400,小吃x 主食√
1676148060,362.84500,bgm好耳熟但是想不起来是哪首歌了
1676143541,155.64500,南姜嘞
1676143280,313.63800,哈哈哈哈哈哈哈哈
1676141278,28.98000,算是正餐了，又叫打工仔饭
1676139048,306.54400,哈哈哈哈哈哈哈
1676138583,45.88700,妈诶 我以为你要说；三连投硬币（是我狭隘了）
1676135342,130.16000,机魂大悦
1676134620,384.09100,好饿好饿呜呜
1676133673,204.49900,成本太高了，我选择直接去店里吃猪脚
1676133212,413.80000,啊啊啊啊啊救命
1676132788,306.57600,？
1676131910,127.29400,懂了，不是“只因油”
1676131703,384.71200,决定了，明天中午就吃猪脚饭
1676131565,374.84600,大郎，起来喝…吃面了！
1676131549,374.84600,大郎…（幻听
1676131187,29.09100,楼下就有
1676130985,389.84800,饭
1676130861,389.51100,全都要
1676130311,33.68600,隆江其实没有猪脚面的
1676130049,232.57900,这我们一般叫猪肘子，和猪脚还不一样咧
1676130023,36.43500,这是主食啊233333
1676129934,150.10800,这不是考中药的我吗
1676129694,298.90000,哈哈哈哈哈哈哈
1676129248,457.76800,馋不活我了
1676128970,377.27900,给你！给你！
1676128926,470.84600,八起强哈哈哈
1676128348,215.54500,《矮人火枪手》
1676127562,398.78200,八妹喝汤好像那个汤达人的广告
1676127538,389.26000,我都要！
1676126870,313.11000,好牛啊哈哈哈哈
1676126711,274.55300,对的，炖肉直接炖到酥烂没准你的锅先漏了，炖好了直接关火闷着，第二天开火继续加热一会关火继续焖，反复三天，蹄筋都能化
1676126352,363.70000,这碗面起码加了双份肉
1676126311,378.42700,某种异曲同工的焖肉面
1676126300,463.87100,好的，八启强！！！
1676126150,140.75500,中医生暂停认药（乐
1676125977,365.33100,做出了苏州面的感觉
1676125720,385.06000,少了潮汕肉卷！
1676125107,187.11600,同款勺子
1676124809,252.30700,因为潮汕话脚指的是整个腿，而不是像普通话脚是脚掌的意思
1676124595,33.76800,周街都系
1676123909,145.64100,笑死
1676122561,332.58100,看得出来八妹看狂飙相当上头哈哈哈哈哈哈
1676122543,320.03400,好诶 我吃猪脚
1676122454,4.88300,上面两条，看成你终于做人肉了（
1676121667,170.28100,大舅让你加红曲红
1676121420,376.95100,跟着老宋干，强哥罩着（
1676121371,414.53600,摸头了！他摸头了！
1676121328,266.94300,好担心韩国偷哈哈哈哈
1676121251,299.88000,哈哈哈，请开始你的表演
1676120769,260.44700,金色传说
1676119884,437.35600,都让开！我是要饭的！我就是要那份猪脚饭！！
1676119539,414.05300,另一份饭能给我吗
1676119261,237.29000,猪也可以有脚气
1676118821,389.74100,3
1676118785,451.49600,800人在屏幕前咽口水
1676118496,273.36400,肉汤卤鸡蛋比肉还好吃
1676118204,71.82000,桃酥：你1080p
1676117778,378.54900,大佬就该配可爱熊猫筷子
1676117702,111.29800,湄姐 别减肥了！
1676117525,363.87200,看了这个混剪就想看狂飙了
1676117335,50.48000,双星物语YYDS
1676117304,265.30200,高压锅卤肉太硬了 
1676117153,299.06000,哈哈哈哈哈哈哈哈哈哈哈哈哈我证明，是原片
1676116996,281.35600,强哥
1676116913,378.07100,给给给
1676116885,361.99000,这个碗
1676116869,378.14000,好可爱的筷子！！！
1676116059,191.70700,↑血压升高了
1676115749,39.31500,不是小吃哈哈哈
1676115543,320.01900,惊喜!
1676114921,363.44300,damn…
1676114782,298.79600,那就只投一个吧（doge）
1676114717,294.90000,哈哈哈哈哈哈哈哈哈
1676114642,214.98800,也小心别烤到自己的蹄子
1676114635,130.53700,没有的可以用柴油
1676114467,313.81000,汤是最好喝的
1676113882,145.17000,槽我
1676113869,329.40000,七窍流口水
1676113762,321.56200,救命蚌阜住了哈哈哈哈哈
1676113558,249.98500,救命已经开始咽口水了
1676113379,364.52100,斩得太斯文了
1676113229,365.07600,他甚至卡点，他真的我哭死
1676113224,57.61900,爱如焯水
1676113199,365.07600,他甚至卡点，他真的我哭死
1676113032,273.82200,-
1676112925,323.39100,求bgm
1676112869,332.07000,这是肘子吧
1676112682,232.84100,懂了，没有香料包可以用泡脚包代替
1676112659,348.87900,八眉是懂混剪的
1676112620,370.73300,这真的跟肘子长的一样一样
1676112471,377.67600,呜呜呜我还没到的外卖瞬间不香了
1676112448,445.56800,那一家人是不是可以去你家吃饭了？不用花钱的那种
1676112364,231.88300,卤拖鞋~
1676112113,132.62800,我去把领居家的车机油放点来（doge
1676112031,377.27500,1000人正在跟我一起流口水
1676111998,71.45700,爱桃叔
1676111985,14.77200,热呼呼
1676111972,351.16300,美食up转行了？美食区的高燃剪辑
1676111830,376.55200,什么档次 跟我吃同样的面
1676111756,313.19300,一手给脚一手给币
1676111752,389.51000,要八妹
1676111695,365.38400,无敌，我只能说
1676111694,376.86900,那怎么行！必须给
1676111676,427.90000,刚吃过饭还是给我看饿了
1676111611,267.03400,16、赏析此处使用的修辞手法（6分）
1676111605,449.60500,好的八启强
1676111599,130.45900,美孚5-30
1676111550,375.81200,八眉别碰我的筷子头QAQ
1676111506,21.95900,当然是隆江啦哈哈哈哈哈
1676111429,369.11800,这不得香死
1676111420,378.28100,你小子还想要币？！
1676111418,11.68800,哈哈哈哈哈楼上
1676111394,57.58100,葱:我不配拥有姓名
1676111386,375.06400,眼泪从嘴角就出来了
1676111319,306.26500,配的好好啊！
1676111282,298.69200,能掰断硬币，不愧是八眉
1676111277,385.10100,喜欢猪脚饭！拿个大瓷勺挖上一勺饭放半块口一口闷！美死了！
1676111269,403.40800,小孩子才做选择题
1676111225,219.44900,大走之
1676111216,389.35300,我们这边说“要饭”会被长辈拿筷子打手的，别问我为什么知道，呜呜呜呜呜
1676111196,307.11800,哈哈哈哈哈哈哈
1676111186,343.01700,up主在白金瀚给强哥煮猪脚面恰
1676111164,306.71700,哈哈哈哈哈哈
1676111153,372.39300,八眉这肉也太足了！
1676111135,230.86500,卤九转大肠
1676111123,92.67000,《两 个》
1676111104,295.17500,哈哈哈哈哈哈哈哈哈给你俩个币加份猪脚
1676111059,79.42200,八眉家还缺桃酥嘛，我可以！
1676111030,144.93600,鲨人？
1676110863,130.53700,两分钟
1676451430,397.70000,我都能吃掉
1676446222,388.82500,成年人才做选择，我都要。。。
1676435007,236.86500,hhhh
1676402111,105.57100,喵
1676395521,139.59100,那也就是说不用换机滤了呗。
1676393250,215.27000,我们都叫他肘子
1676393221,127.38000,酒（确信）
1676389632,132.70900,只因油
1676382175,386.04900,你猜
1676380824,215.03000,广东的猪脚就是猪肘子，不是猪蹄子
1676378658,145.23400,杀人犯是高启强啊
1676375831,266.44200,饭店一次可以卤很多的，对于他们而言不麻烦，这就是他们的工作（哎，有些钱还是要别人去挣的
1676375051,388.87800,我全都要！
1676372811,383.89800,猪脚饭（举爪）
1676371991,125.99700,不要喂流浪动物！如果想抒发善心请带走流浪动物自己养，不能给流浪动物提供稳定的居住环境那就不要喂养！！！
1676369257,39.40100,阿星！！
1676358189,192.21500,↑哈哈哈哈哈哈哈哈哈哈
1676354501,313.96000,哈哈哈哈哈哈哈哈哈哈哈哈哈哈哈哈哈哈
1676350099,32.81900,福建也行的
1676349761,252.18200,董事长:孺子可教也
1676345623,33.34300,快餐
1676333311,114.60100,为给流浪猫问题不大，流浪动物自己照顾自己吃饭没问题而且流浪动物有吃的就不错了 总比他们自己翻垃圾捉老鼠好
1676317668,437.90800,强哥推荐
1676315213,28.88300,小吃？
1676313911,244.89200,肘子比猪脚便宜很多
1676303327,274.79900,原来就是炖蹄膀。
1676300590,28.97700,猪脚饭我吃过，原来就是那味道，嗦嘎
1676300400,105.84000,可以凉拌鸡架
1676300342,393.34000,你说不要就不要了？我偏偏要给~
1676297592,378.64400,好可爱的筷子
1676297437,307.73200,你币有了
1676297112,126.04100,鸡油没有，可以可以柴油？
1676296016,266.13600,泡脚水再泡两鸡蛋？哈哈哈
1676293075,406.19000,还以为是干捞面，没想到还有高汤
1676290572,294.87200,哈哈哈哈哈哈哈
1676288683,470.85800,小菜
1676280747,406.42000,面
1676278837,379.22100,什么不要，我就给！
1676276947,48.16900,广东的猪脚粉酒源比较出名 但是是白的猪脚
1676272498,140.49500,卧槽，这也太麻烦了（虽然很香）
1676265436,328.80500,不行了三连，不三百连
1676264809,33.46000,我想吃鱼了
1676261829,385.11900,不要了？那我收回来
1676260918,67.46200,全国到处都是猪蹄子，不存在哪里的小吃
1676259805,219.89900,猪脚饭用的确实是肘子，但是北方分猪蹄猪肘，在这里就是叫猪脚了吧
1676257942,215.37400,没火枪就小黑吧
1676257783,153.15400,告诉老默，我想吃猪脚饭了
1676246436,458.97400,男粉丝币给早了
1676222186,251.53900,有些钱还是得别人赚
1676220529,342.12100,这个硬币，我不要了！
1676218775,158.76300,没有县城的可以用农村的代替
1676217769,145.42100,moss你在杀人！（不
1676216185,237.24700,切小点用高压锅炖软会更好吃
1676213325,329.21300,两币 给我强哥
1676213214,430.09200,米饭不是面
1676212554,406.29000,再来一瓣蒜
1676212452,14.65400,白天刷不到，晚上逃不掉
1676212264,427.07000,都没热气，看不出来好吃
1676210680,47.95000,然后我发现我所在的城市没有猪脚面
1676209574,383.29400,哼！我就要给！
1676207437,350.86600,这三连我给定了！
1676206406,320.20000,前方高燃
1676206309,342.26400,duang duang duang
1676204044,139.38400,只因脚
1676203548,334.60500,给了给了
1676203535,388.56200,我全都要！
1676203351,231.48200,我怀疑你在骂我，但我没有证据
1676202466,451.81800,那我今晚回家吃饭
1676202320,320.44700,女粉丝愉快投币了哈哈哈哈哈哈
1676201386,170.47200,我可以吃不出来但是你不能没有
1676200184,215.11000,没有火枪，火猫火女可以吗？
1676200082,388.61400,我要饭的（狗头）
1676199328,427.14500,前面辣么一大勺酱油你问我要不要放盐。。。面的高汤是后面放盐这个说了
1676199094,252.30500,柴火烧四五个小时，还tm要人看着控小伙，那绝对的奢侈
1676199012,300.00000,B站统计:难怪总数老对不上！原来是你
1676196882,389.06600,都要
1676196001,388.62900,饭
1676194931,313.06500,哈哈哈哈哈哈
1676194913,5.39600,至今吃过最好吃的猪脚是曼谷街头一个老妇人的推车摊
1676194686,28.88000,深圳有吃不完的猪脚饭
1676193676,130.79300,都说了剔下来吃，能不能看清楚啊？？
1676193581,313.10700,哈哈哈哈哈哈哈哈哈我是女粉我吃猪脚（骄傲）
1676189629,6.57500,我吃猪脚
1676187014,231.75900,我还记得叫花猪蹄
1676185648,58.22000,你这都没卤虾油啊
1676185181,21.06000,来我惠州
1676180581,391.74200,什么档次和我吃一样的面～哈哈哈哈
1676178590,245.01900,唐朝都吃羊肉吧
1676174627,51.31500,平诺是吧
1676174435,21.18200,968兄弟
1676173916,259.54400,手里的饼干突然不香了
1676173046,448.16400,他跟我说我们是一家人诶！！！
1676170399,414.09900,不加卤汤吗哈哈哈
1676168193,273.00000,通感
1676167762,39.59800,小吃可还行
1676161855,39.70000,谁说是潮汕的
1676159644,313.10700,占便宜是吧（
1676150867,48.25200,广西有猪脚老友粉和螺狮粉！
1676150574,109.68600,流浪的地球可以吃吗？？
1676148434,5.25900,看饿了
1676137765,413.63000,要用外海面！
1676136211,231.72400,是故意不小心的（傲娇）
1676134143,412.58500,摸头说明超级好吃
1676133545,414.90500,呜呜呜我好馋
1676132803,176.98000,国栋
1676132116,427.61200,买一个可以闻味的手机
1676132102,88.65900,前面双星物语的小伙伴等等我
1676132000,300.13600,哈哈哈哈哈哈哈哈哈哈哈哈哈哈哈
1676131926,39.65700,猪脚面也要隆江？没听过
1676131650,32.59800,啥时候开饭？端好碗了！
1676130186,81.00000,不，大家都浓汤宝
1676130053,153.31800,只因油
1676129767,352.46000,八妹这么会剪！！
1676129221,388.52200,饭
1676128135,111.29400,不能随便投喂骨头 可能会造成伤害
1676128101,388.82100,好饿！
1676127220,203.77300,上鞋垫
1676126357,397.67200,我！闻！不！见！
1676126323,259.40400,肚子开始叫嚣了
1676125358,33.10000,广东不把这个当小吃。。是正餐，类似沙县
1676124873,309.17900,凭啥
1676123759,14.48300,我也是
1676123125,164.76900,农国栋！！！哈哈哈哈
1676121523,388.67100,饭!!
1676121423,312.13900,太可爱了
1676121358,342.51200,高启强！京海第一Alpha！
1676121311,350.99600,这段太棒了
1676121228,383.59200,哈哈哈哈哈哈哈
1676120860,145.34200,甘草
1676120827,307.82000,哈哈哈，我吃猪脚
1676120804,300.18000,这次真的三连了
1676119717,131.13600,只因油（
1676118313,284.88600,因为好吃（bushi）
1676118163,306.18800,哈哈哈哈哈哈哈哈哈
1676117058,93.19700,《两个》
1676117013,464.09900,八启强什么鬼
1676116809,294.19000,这个故事说了四遍
1676116711,131.04100,哈哈哈哈哈哈哈哈哈
1676116235,300.33900,哈哈哈哈哈给我给给两个
1676115645,352.36100,这个必须投币啊！
1676114613,383.76500,他说我要饭的？！
1676114325,6.33900,猪肉香
1676114316,293.69100,啊哈哈哈哈哈哈哈哈哈哈哈
1676114129,359.79600,面：是我不配了
1676113857,39.39600,猪脚是肘子？
1676113836,329.40000,啊啊啊啊啊啊
1676113770,153.33900,中药人加一
1676113130,210.79500,肘子
1676113053,398.24600,八妹的let me do it for you（
1676112946,203.80800,这个卤皮鞋都好吃
1676112876,165.24600,农国栋？同关注！
1676112561,129.95900,哈哈哈哈哈哈
1676112237,298.68700,哈哈哈
1676112213,320.75100,哈哈哈哈哈
1676111905,383.62800,给我吧外卖软件卸了，什么档次和我看一样的猪脚饭
1676111539,34.02600,一般吃的是饭
1676111516,312.53200,666
1676111424,266.44500,我的眼睛为什么闻不到！！！！
1676111398,412.85900,摸头杀 真的好吃
1676111387,273.14500,肉眼：啊对对对
1676111294,307.25100,哈哈哈哈哈哈
1676111269,307.58000,哈哈哈哈哈哈八眉好可爱
1676111240,307.15000,哈哈哈哈哈哈哈哈
1676111191,447.79200,一家人！我去家里吃饭
1676111168,145.18100,猪心（）
1676111076,13.75800,我也是
1676110868,72.12600,桃酥吃的也太好了
1676110854,5.69400,新鲜出炉~
1676446189,392.53400,你猜
1676441691,137.82900,哦，我错了，狗确实不能吃鸡，要吃只因
1676440151,385.65300,可爱的熊猫筷子哈哈
1676393358,314.17100,那不就是一觉睡吗？
1676392718,385.55000,啊啊啊啊啊猪脚饭！猪脚饭啊啊啊啊啊啊啊啊啊啊啊啊啊
1676388619,478.67500,八眉的牙好可爱
1676382479,452.18500,好的我这就来吃饭
1676380677,36.30000,广东的猪脚是猪肘子
1676378106,314.30000,这段其实穿帮了，一开始是左右坐着的
1676377688,251.41900,卧槽 成色有点好
1676376351,350.11000,情侣头像
1676376078,385.49000,我小孩子 还选
1676374683,29.46000,在广州吃的够够的
1676373775,397.39500,打工人套餐！！！1
1676362312,272.54400,识时务者为魏杰
1676356302,6.81400,卧槽，easyhoon
1676353524,12.83700,什么档次和强哥吃一样的面
1676348829,385.32700,你小孩子还猜！
1676342303,328.12700,给我吃！不然我就撤粉！
1676339306,258.87300,不用觉得麻烦，这卤汤是可以用很多次的。
1676338832,13.23900,豬腳麵~~其實一般阿
1676318795,308.69000,我喝洗脚水
1676318142,132.45700,加一点［基友］会更香，强哥就知道这个
1676318001,250.89900,唐，广东地区是不是还没开发建设出来？
1676310068,13.26000,他们吃的好香
1676309968,392.28800,哪款手机能闻到
1676304133,27.88300,来福建吃吧
1676296732,459.03800,合着你是不男不女呗 doge
1676295990,152.25500,砂仁（告诉老默我要吃鱼了）
1676293120,4.24200,真爱
1676292420,58.28300,葱问：那我是什么
1676292093,405.72700,说词！说词儿啊
1676290591,314.49600,笑死
1676289934,39.95600,这是主食
1676285402,391.91200,我都要！
1676285055,143.29900,弃之，食锅
1676281216,404.45800,面不对，人家是竹升面
1676280665,244.68500,荔枝：感觉有人篡改我的故事
1676269621,131.77400,只因油
1676261578,353.05500,绝了哈哈哈
1676259167,308.61600,脱粉！
1676228934,341.88600,能不能专门剪一个强哥 好想看
1676226852,236.46100,我们叫圆蹄
1676221566,145.70600,砂仁还要猪心好可怕！
1676217369,314.94300,哈哈哈哈哈哈哈哈哈
1676215589,244.64000,现在也是
1676214931,231.41100,前面有脚气的真的笑出声来
1676214675,251.17600,呜呜呜呜呜呜
1676214619,203.71400,这个卤什么都好吃
1676212383,321.46400,我没吃到过！！！
1676212362,300.96300,哈哈哈哈哈哈哈
1676212096,308.46200,啵啊
1676211508,405.52400,想吃鱼了。，
1676211093,392.63100,等我有钱了，我一定买一个可以闻气味的手机！
1676210309,385.24600,面！
1676210261,209.10900,这卤猪脚都好吃
1676210064,35.37900,打工人爱吃
1676209742,41.44600,来我石牌
1676207762,300.58000,给了给了
1676206287,397.29900,多要菜
1676205764,20.36800,这是肘子面
1676205684,328.42900,BGM：Secret Life
1676205454,137.22000,懂了，机油，我后备箱还有半瓶够用了
1676205329,392.00300,什么档次 跟我吃一样的面
1676203807,152.66600,杀人？杀谁？
1676203720,222.09800,你这明显没烤到时候
1676199945,415.54400,用卤汁拌饭
1676198928,415.47100,没有塘田卷章我不是很认可
1676198782,35.64400,潮汕?你在搞笑吗？
1676197181,47.34300,猪脚不重要吗？
1676196793,300.42700,哈哈哈哈哈哈
1676194505,308.41500,女粉丝吃猪脚和面，男粉丝喝汤
1676193133,145.76600,丁香
1676191132,327.81000,我选择吃牛腩面，不是因为爱情，是因为真的好吃
1676190248,265.62600,俩个鸡蛋太少了
1676184320,46.80200,一千多年前你上哪搞卤料
1676180566,275.73300,去超市买只猪蹄啃！
1676178551,284.90200,像光面
1676177540,159.65400,还有牛蒡根
1676174686,93.95600,直接放海米
1676174311,459.34000,我提着橘子去八妹家蹭饭
1676173159,13.54500,哈哈哈哈哈
1676172548,59.38400,隆江一般卖多少钱一份啊？
1676172454,335.85800,剪辑区up主
1676153736,88.75200,黄字吃呛药了吧？
1676153126,215.40200,没有火枪可以换剑圣
1676151212,392.47200,面！！！
1676147417,392.61700,饭
1676145585,138.96300,前面的，机油也是有机物谢谢
1676144343,203.33900,我想吃拖鞋
1676142750,35.37200,阿星的素材呀
1676140120,392.61700,面好吃。
1676138070,51.59900,面换粿条也好吃呢
1676135620,35.26100,小吃
1676134160,40.14000,惠来人来了
1676134101,69.11900,桃酥：听说有我的饭饭？
1676132605,68.69900,下期食材
1676132194,392.44400,我以后定要买个能闻到味道的手机
1676132189,165.75600,现在还有1000+啊!
1676132165,426.54600,煮面的时候也放盐啦
1676130183,187.88300,不是华农，是农国栋
1676130085,7.06000,这不是肘子吗？
1676130017,43.17300,本潮汕没听过这面 只有饭
1676129583,244.69100,唐朝就有了？
1676129201,265.82600,请不要使用通感的修辞手法
1676129200,41.36300,广东到处都有猪脚饭和面
1676128909,385.49000,《小吃》
1676128820,411.88100,绝！我看的肚子咕咕叫
1676128817,35.90200,谢谢八眉！
1676128784,334.95200,愿喧嚣尘世把我们遗忘～
1676128488,321.66000,哈哈哈哈哈哈哈哈哈哈哈哈哈哈哈哈哈哈
1676128024,350.79000,这转场和这猪脚一样丝滑
1676127835,307.96700,我投了我投了
1676127747,231.33700,你的脚你的脚，哼！
1676127131,342.06000,品启强人生
1676126537,40.67400,广东人表示从没听过还有猪脚面这个东西
1676126364,314.89400,哈哈哈哈哈哈哈哈
1676126180,214.47600,隆江肘子饭
1676126104,121.32100,吊汤几个钟，骨头都酥烂了
1676126079,320.97900,你币有了
1676125623,300.70000,哈哈哈哈哈
1676125528,388.58600,面！
1676125185,220.22300,这不是猪肘吗
1676125151,308.19600,好啦 好啦 你币有了
1676125101,258.19500,哎呦喂
1676124133,447.25600,我吃两碗！
1676123995,131.73200,kun油
1676122475,385.35400,给你个机会，再重新说一次
1676122253,286.50000,吃完就让警察带走了
1676121140,378.71900,我不吃，
1676120767,300.39300,哈哈哈哈哈哈 笑死
1676119551,106.24700,给桃酥的鸡胸肉，给流浪小猫小狗的骨头渣哈哈哈
1676119528,321.76900,哈哈哈哈哈哈八妹太可爱了
1676119035,315.10400,2333
1676118548,426.55500,下次可以尝试做泡泡馄饨吗
1676118487,6.81900,来了
1676117493,215.89900,真用猪脚那也没什么吃的了
1676117403,170.88400,哈哈哈哈哈哈哈哈哈
1676117277,412.14000,摸头了摸头了！
1676116699,125.42100,看着不错哦
1676115853,131.77400,这就喊个基友出来下锅
1676115624,392.21500,《你闻闻》
1676115528,132.43500,一个是有机物，一个是无机物，记准了
1676115175,115.56300,注意字幕up有说明要把肉剔下来再喂的
1676115087,438.03600,浇了卤汁当然香啊啊啊啊啊好想吃
1676114923,471.65600,能吃到就更喜欢了
1676114697,452.66500,好的 开门我来了
1676114537,300.43600,哈哈哈哈哈哈h
1676114453,94.40900,暗示三连（doge）
1676113051,266.00700,等能进化了一定换能闻到味道的眼睛
1676112542,109.16400,因为碎骨头很尖锐，可能会把小动物们的食道和胃划破
1676112300,152.26200,中药人不请自来
1676112085,391.96000,饭！
1676111962,20.62200,去隆江！
1676111819,293.38000,哈哈哈哈哈哈哈哈
1676111563,210.53700,我还以为念bang(四声）
1676111448,20.30000,我们这只有猪脚饭
1676111300,115.88300,好
1676111287,271.66100,肉眼：？
1676111198,231.44400,是故意的还是不小心的
1676111184,430.48400,可恶我也想吃！！！饭点发是不是故意的！
1676111135,314.34500,强哥说了把白金瀚给八眉管
1676111129,293.50000,笑死我了哈哈哈哈
1676111079,81.58100,勤俭持家八眉菌
1676110971,145.85400,沙人（
1676110966,125.02700,承包空屏
1676110786,27.96600,1
1676449233,132.07300,只因油
1676445754,82.04600,猫猫大胜利
1676443313,132.24200,买几块鸡皮便宜就是费力不想动
1676435201,430.54000,呜呜
1676397166,118.14800,前面说不要喂流浪猫的~~我就要喂~~咋滴？
1676391997,69.25900,幻听：豪猪
1676389201,391.73400,我全都要
1676388427,132.07000,你可以说只因油，大家就不会弄错了
1676387867,411.78200,我缺个能闻到味道的手机
1676381187,108.60000,我用山黄鸡炖汤的，鸡肉还能做白斩。
1676359256,302.43400,哈哈哈哈哈哈哈哈哈哈哈哈哈哈哈哈哈哈哈哈
1676349645,453.08800,你吃碗
1676334647,208.68200,南姜
1676314052,385.88400,这有什么好吃的吗？
1676308607,41.89300,就是潮汕的，不服？
1676307667,244.62000,唐朝不吃猪肉的，宋吃猪肉的人都少
1676307305,11.34900,这种视频永远在深夜刷到QwQ..
1676297543,338.11100,突变剪辑区
1676292627,45.67000,隆江人狂喜
1676291944,390.36000,小孩才做选择， 我全都要！
1676291763,235.77900,只因脚
1676291336,350.05600,狂飙剪辑就靠美食区UP了！！！
1676289255,341.67100,算了，我还是吃鱼吧
1676289110,260.60100,唐宋吃羊
1676288374,125.00100,是机油吗
1676287561,390.54700,面
1676285584,41.53900,简单的主食就是小吃
1676284835,42.02000,沙县小吃基本上也都是主食啊
1676276313,160.30000,同款卤料包，h
1676267677,308.85700,？？？？我真服了笑死我了
1676267557,202.81500,前面的……挑剔什么啊，又不是叫你做
1676265748,336.05500,bgm：secret life
1676264224,390.99400,都要
1676261201,51.60500,隆江没有猪脚饭
1676261080,99.96700,我一勺三花淡奶（有端）
1676260665,151.35900,哈弗茨，你怎么在这
1676258617,137.07200,化学带师
1676258317,425.97600,给我看饿了
1676245695,390.51100,狂炫一大碗
1676229105,327.29400,警告 特帅强哥混剪
1676222727,404.10100,馋得吃手手
1676219832,292.71200,哈哈哈哈哈哈哈哈哈哈哈哈哈哈哈哈哈哈哈哈哈哈哈
1676218225,250.47300,现在不奢侈啊，20块能买个套餐
1676218048,424.95200,前面的，生抽就是咸的
1676214738,327.61300,吃不到，我的心好痛
1676213442,216.31900,你说的这个烤猪蹄，说的是这个蹄髈，还是说自己的爪爪
1676213097,15.21900,我看他们吃的就像泡面一样
1676212294,12.04000,感谢防城港
1676212121,34.60000,煮面可以，下面就算了233333
1676211897,323.00000,笑死了哈哈哈哈哈哈
1676211848,26.78200,阿星视频质量很高！
1676207612,353.80000,八妹是不是也在磕
1676207089,315.32900,汤是最好喝的（哈哈）
1676206840,151.99200,这不是小凯
1676206431,446.11900,没事都不是好人
1676205372,271.53400,品诺王
1676203628,353.84200,什么档次，和我吃一样的猪脚面
1676202730,90.57800,铁脯
1676201897,7.48500,八眉你搞好这锅卤汤就可以当传家宝传给后代了
1676200568,52.11600,在广东叫猪手面
1676199258,202.73000,1000+人都出来
1676199246,292.70200,这是万华镜的背景音乐？
1676198771,34.27900,小吃?
1676197808,231.08500,币不给了！
1676197583,131.94800,就投喂就投喂
1676197324,147.52900,阳春人表示很熟悉
1676196945,7.41400,诶嘿
1676196834,341.48000,排面
1676196247,385.92300,我吃两碗
1676194999,41.58700,是正餐！不是小吃
1676194523,321.97000,笑死
1676193660,386.75000,我都要我都要！
1676193540,137.06500,不给喂？饿着更好？圣男圣女们
1676192405,308.86000,？
1676191008,34.37100,.'
1676188864,95.29700,你是暗示三连吗
1676187775,171.02800,吃过也分不出来
1676187041,34.37900,猪脚必须用走私的才正味
1676185515,151.86600,杀人？
1676185163,315.49700,哈哈哈
1676180514,308.79800,哈哈哈哈哈哈
1676177669,216.53900,这是肘子
1676176750,315.75700,哈哈哈哈哈哈笑死我了
1676176683,124.73600,狗不能吃鸡哦，会被卡嗓子的
1676169916,301.15500,A21`
1676168006,396.95500,饭！
1676147968,327.22900,直接吃了
1676143457,309.74000,？
1676142875,178.12600,这是熬中药吗
1676142139,315.58300,哈哈哈哈哈哈哈这必须给币
1676139329,128.32600,懂了 把基友下进去
1676137049,32.57300,广东人表示这是饭，不是小吃啊喂
1676134930,45.53900,想不到的广东人，把猪脚改成猪手再想想
1676133093,308.92500,笑死我了哈哈哈哈
1676133063,292.77600,笑死了哈哈哈哈哈
1676130759,390.45500,面
1676130612,395.70000,要你
1676130066,166.76800,只因油
1676129997,205.11800,煮鞋底都好吃
1676129775,379.66700,给给给！拿去
1676129737,8.21900,要是吃了你的猪脚面，高启强何至于走上歧途
1676129052,72.94100,卤出猪jio
1676128805,34.55900,不好意思，我京海人
1676128643,249.59900,唐朝香料等同黄金
1676128471,308.78000,哈哈哈哈厉害
1676128072,301.77900,整活儿时间
1676127526,34.37800,广东经常吃哈哈哈哈哈
1676127281,316.07500,哈哈哈哈哈哈
1676126606,271.46800,通感(确信)
1676126356,404.37200,没有弹幕我很不服
1676126128,315.88100,只给我吃面，我不给了
1676125668,286.65400,我知道，你说了三遍
1676125340,465.12900,喊天哦，八启强哈哈哈哈哈
1676125278,26.70800,福建啊
1676124423,301.56000,哈哈哈哈哈哈哈哈哈哈哈哈哈哈哈哈哈哈
1676123666,166.46200,华农？
1676122490,465.70000,我从不吃咸菜
1676122462,301.64600,哈哈哈哈哈哈哈哈
1676121951,310.76000,哈哈哈哈哈哈哈哈哈可爱鬼啊！
1676121369,231.26300,哼！
1676120261,222.14300,没有火枪 用步弓投矛
1676119873,472.06000,暂停，去*宝搜宜宾芽菜先
1676119619,385.88600,这个碗我喜欢
1676117542,235.73600,居然不是乾隆了
1676117514,132.24000,放汽油可以吗
1676117421,390.66800,给给给
1676117057,216.16900,没有火枪火猫也行
1676116924,390.87000,我吃两碗！
1676116589,192.24700,到现在，还没有见到猪脚（主角）
1676116481,390.54700,饭！
1676116403,27.62900,虽然我不是广东人，但是这个真的能叫小吃么？
1676115941,244.59500,这个麦麦猫猫超可爱！
1676115570,322.98500,你的肚子～
1676115374,257.93900,这个色泽绝赞！
1676115269,60.60400,我：妈！
1676115046,411.75300,热知识：八妹摸头说明超级好吃！
1676115024,416.10500,阿盛！
1676114530,147.20900,砂仁猪心
1676114221,411.51600,好想吃啊啊啊啊啊
1676112905,379.77900,哈哈哈哈哈哈
1676112798,276.09300,好想要这个猫猫表情包哈哈哈哈哈
1676112753,308.94700,可恶，为什么，男粉丝也想吃猪脚qwq
1676112488,108.98200,一定要把肉剔下来，不然猫猫狗狗误食骨头渣会很危险
1676112391,459.61200,好的八启强
1676112227,42.23900,第一次这么早
1676111894,388.39600,面！我爱吃面
1676111756,271.34800,90分靠底料
1676111634,105.38200,现在可以喝了
1676111598,390.44300,都要
1676111450,246.04300,现在是打工人套餐
1676111336,265.40800,肉眼 闻到
1676111309,265.53300,《肉眼就可以闻到》
1676111303,385.76100,饭！
1676111263,257.63600,是不是扔高压锅也是可以的
1676111152,147.06100,炸好的油可以直接炫了
1676111085,231.27200,是故意的（激动）
1676111061,216.51000,没有毛不正宗（bushi）
1676110991,44.41300,不不不，只需要叫一声亲爱的妈妈（doge
1676110806,7.30000,来太早了…再放放
1676442183,380.05400,这可是你说的
1676435577,386.57800,饭!
1676395388,134.25900,只因油
1676394959,217.98700,隆江肘子饭
1676392388,62.83800,北方人觉得这不是肘子么。。
1676389172,424.24400,你什么身份跟我吃一碗面
1676382221,292.24300,哈哈
1676381688,230.97000,啊啊啊啊啊啊啊笑死我了
1676380997,9.04200,出门把他碗给我砸了，什么档次，跟我吃一样的面
1676363101,349.95800,这bgm好怀旧啊
1676362562,43.32400,。。。我就在惠来
1676359473,136.69400,打开后备箱的都是奥迪车主吧
1676352133,26.49200,一千年，张口就来
1676348355,265.08700,确定是肉眼能闻到的香味？哈哈
1676340387,316.38800,你币没了！（怒吼
1676312005,386.86000,饭
1676303658,295.64400,我给还不行吗哎哟
1676300895,235.38800,有没有广州的网友证明一下对不对
1676298953,292.18000,猪脚面圣经
1676297662,380.73900,配上竹升面更正宗
1676294084,472.06300,我能直接去八眉家吃吗
1676291571,270.75300,DuangDuang的
1676290699,386.77900,我要饭！
1676287394,43.28400,惠来人来也
1676287245,0.00000,告诉八眉，我啥都想吃
1676285958,326.69400,绝了！！这配音
1676285424,43.39100,潮汕是个好地方
1676285112,104.27600,不要认为喂流浪猫狗是有爱心的好事情！
1676277461,277.26600,[前方高能]
1676276335,160.30000,同款卤料包，很不错
1676272031,310.69700,哈哈哈哈哈哈哈哈
1676264177,417.14000,鲜，甜，弹牙
1676263433,378.81300,筷子很符合大佬的气质
1676249742,302.65400,给了给了，别说了
1676222978,386.72800,饭！
1676220397,243.89900,唐朝不是不吃猪肉么
1676220213,82.35000,现在猪脚比猪肘贵才用猪肘的，
1676216199,459.92400,我是女粉丝
1676215160,34.13000,这不算小吃，谢谢
1676214372,386.86000,我豹子头全都要！！
1676213403,7.78400,启强吃面
1676213256,207.51500,卤肉不能用糖色…会苦
1676212240,104.02500,这种煮了很久的鸡肉，撕下来拌蒜蓉辣椒豉油陈醋，也是很好吃的
1676212074,16.29900,美食剧
1676211794,26.23500,隆江！
1676211100,31.25700,阿星
1676210197,149.21900,居然还要杀人，好可怕
1676209551,302.74000,给给给，别说了，心酸
1676207758,16.87300,一个帅哥，和一千多个信球
1676207080,8.76600,给他把锅砸了
1676205459,309.75000,男权震怒！e
1676204374,43.01800,这是肘子吧？
1676203418,295.42200,哈哈哈哈哈哈哈哈哈哈哈哈哈哈哈
1676202460,303.06500,哈哈哈哈哈哈哈哈哈哈哈哈哈哈哈哈
1676201881,453.43800,文案满分
1676201398,34.03000,廣東人怎么可能听都没听过
1676200803,310.44400,哈哈哈哈哈哈给你给你，不就是币嘛
1676200412,386.99900,我全都要！
1676200004,326.55400,前方高燃预告！！！
1676199958,136.49000,志效哈哈哈哈
1676199500,310.66100,又是口型对不上
1676198807,119.14500,一群弹幕神仙 我哭死
1676198579,380.08200,不要？偏要给你
1676197506,386.54700,我想吃鱼
1676196809,316.23400,我怎么没吃到猪脚
1676195490,108.42200,流浪者能吃吗
1676194440,295.70000,噗
1676194102,127.94200,你早说啊，我后备箱都打开了
1676186994,380.03600,给你拿好，不许退哈
1676186431,42.88700,阿星联动！
1676184790,30.22700,不是小吃，是正经的饭，正餐，打工人基本都吃过的午饭
1676183342,394.92200,打工人套餐
1676179951,235.59000,卤矢都香（确信）
1676177522,309.80800,？？？？
1676176697,316.78400,和哈哈哈哈哈哈哈哈哈哈哈哈
1676176410,341.18000,？？？？
1676175339,61.22000,啊对对对，潮汕天下无敌
1676172858,411.15500,可恶啊 外卖还没到
1676172676,108.48900,禽类的骨肉扎食道，不可以喂小动物，猪骨头可以
1676169490,295.49200,像高启盛的声音
1676163203,26.08200,要用前蹄啊食神
1676161601,395.62000,我全都要！
1676156126,171.79600,吃过的也分不出来
1676153849,1.55600,典
1676147476,403.73200,廣東的是鹼水面或者竹昇面才是正宗
1676145574,225.44400,我们这叫膀
1676142056,248.32800, 卤卤你的
1676139843,256.91600,哇偶
1676139745,202.54800,各位的拖鞋可以扔进去了
1676137859,150.15900,杀人？还要诛心？
1676137156,354.34500,居然还有混剪它真的我哭死
1676135173,271.08100,更像万三蹄膀
1676134783,8.37900,874人厉害了
1676134037,344.78700,卡点太酷了！
1676133456,7.94000,好饿啊
1676132760,166.88900,是农国栋吧
1676132649,37.22000,肘子吧
1676132497,136.82800,无处不在的once
1676131058,230.91000,卤拖鞋都不错
1676131004,264.87000,前面的，高压锅可以省时间
1676130823,95.84900,大地鱼干熬出来的汤真的很鲜甜
1676130050,302.92200,八八要是把自己的头p上去就更好笑了哈哈
1676130040,381.18100,这可是你说的哈
1676129887,124.05400,只因油
1676129870,148.34200,小凯哈哈哈哈
1676129764,407.48600,竹升面+10086
1676129690,387.04800,饭！
1676129486,142.79400,分开一点数好不啦
1676128468,386.82900,都要
1676128253,248.06300,！！！！炫我嘴里！
1676128055,440.10600,现在半夜十一点了，我为什么自虐？甚至给你投了币！
1676127499,16.91600,啊啊啊，大晚上的
1676127053,286.91400,变声期
1676125340,431.16200,突然发现八眉长的好像阿盛（bushi）
1676125163,403.13400,我好饿！！！
1676124681,304.36100,草哈哈哈哈哈哈哈哈哈
1676124636,218.05500,电磁炉：呜呜呜
1676124460,213.55300,@热心摊主
1676124091,309.13900,快点给我猪脚（大声
1676123236,253.67200,煤气费爆炸
1676122753,421.55300,好可爱啊八妹
1676122565,341.10600,斯哈斯哈
1676122280,380.19000,来了来了
1676122198,310.02000,哈哈哈哈哈
1676121184,69.44400,以前八眉自己当早餐的哈哈
1676121139,42.37200,我的天我的天我的天
1676120915,244.34000,唐朝可没这么多调料
1676120005,466.53900,哈哈哈哈八启强
1676119155,386.70700,all in
1676119041,295.35800,哈哈哈哈哈哈哈哈
1676118829,386.50000,饭！
1676118225,73.73500,猫猫！（疯狂吸
1676118171,311.74800,泪目
1676117111,400.14800,两个烂好像都是一个烂？哈哈哈哈哈
1676116976,446.06000,你倒是邮过来啊
1676115736,31.33600,好啊好啊好啊饿饿饿
1676115271,32.44700,今天刚吃！！
1676114419,127.60100,+
1676114002,9.27500,八妹！！
1676112844,443.74400,八妹一人分饰女粉丝男粉丝和自己
1676112670,223.63900,想到了猪脚签哈哈哈
1676111964,265.11400,请不要使用比喻、反问、暗示等修辞手法
1676111920,147.77400,香叶、八角（眉）、甘草、 砂仁、丁香、白芷、草果、香茅？、花椒
1676111804,459.90600,八眉吃得好香！
1676111768,420.79800,摸头杀 摸到翘毛
1676111615,387.09100,饭
1676111527,191.16600,是鲈鱼，不是鱼露哟
1676111428,127.76000,没条件的去找辆车放点机油
1676111392,336.06200,woc这里混剪太帅了
1676111353,249.57500,这不是肘子嘛？
1676111200,317.18100,笑死我了
1676111188,379.83900,你说的噢！那我就吃霸王餐了
1676111083,144.72200,杀人（bushi
1676111058,52.29800,转发给老妈
1676110928,8.06300,告诉八眉 我想吃猪脚面了
1676110885,127.93300,哈哈哈哈你没说我还没往那想
1676449059,287.37900,累资唔资啊？
1676445690,17.77400,又来吃猪脚面啦
1676445463,123.92000,不能吃这不能吃那，流浪猫流浪狗怎么活下来的，啥口
1676437123,387.79900,面
1676421712,30.18000,打工人正餐好吧
1676384504,317.48100,谁吃粉丝尼？
1676381887,409.55000,馋死我了
1676378994,99.82300,为啥做猫的都养饭？
1676352239,36.92600,干脆点直接说人类还是人猿就已经会卤猪脚了
1676350694,136.16800,小味儿挠挠儿的
1676349025,304.13600,女粉丝吃猪脚面，男粉丝吃女粉丝（doge
1676342528,453.95000,给我吃！！！
1676311083,474.49400,低情商：坏人     高情商：一家人
1676308288,303.59300,给你给你给你
1676307830,128.02800,美孚5w-40可以吗
1676307552,417.41700,没说这个汤底只需要加盐就行了？
1676305800,0.38900,哈哈哈哈哈哈我要等离子彩电
1676303950,263.59300,宋代劁猪技术成熟之后，猪才真正走上平民百姓的餐桌。
1676302850,382.94200,好的，你说的
1676302785,30.17900,来惠州或广州你吃都吃不完
1676301606,148.74700,？小凯
1676297679,423.46000,正宗的猪脚饭是真的好吃。
1676297038,148.34500,一半都没看到 弹幕里已经出现好多烂梗…
1676291035,348.40800,印度运镜
1676288493,473.27800,不开心，因为我吃不到
1676287718,387.58200,饭饭饭
1676285415,181.63400,农国栋
1676282898,242.96400,毕竟大肉+n种香料+油和冰糖，还慢炖费柴火
1676281464,311.00100,哈哈哈哈哈给你还不行吗！！！！
1676280038,63.38600,还有卤班7号
1676275704,200.55800,我的天，好专业的样子
1676275412,148.60500,啊啊啊啊啊凯哈弗茨
1676275396,128.47500,安耐池还是米其林
1676261203,44.35700,惠来人+1
1676260288,213.26200,没有火枪的朋友可以自己喷火
1676258479,340.22000,警戒线真的帅爆
1676257114,324.91100,哈哈哈哈哈哈
1676256080,388.00400,疯了吧，我堂堂高启强，问我是要饭还是要面（面子）？老墨！我想吃鱼！
1676239578,161.85900,能买现成的 最好
1676229506,45.30900,乖乖双星物语
1676227245,143.39100,甘草 丁香 肉蔻 白芷
1676225520,382.85300,都不要
1676222131,386.42800,对劲对劲
1676220002,402.53700,我是要饭的！给我猪脚饭！！！
1676219939,355.43300,啊啊这个bgm八八探店茶餐厅的时候用过诶好喜欢！！！
1676219588,264.76300,高压锅是不是要快一点
1676219420,387.98000,TMD，当我要饭的！
1676219390,402.53900,配山西拉面更爽
1676217527,454.37800,开门，我要炫两碗！
1676217204,82.66500,为什么做饭的都养猫？？？
1676216906,317.32800,一个币掰成两个花是怎么花哈哈哈哈
1676216357,25.47500,+-6
1676215878,135.68600,98号汽油请求出战
1676214852,445.53200,我吃不到，突然觉得好委屈呜呜呜呜呜
1676213948,30.39500,主食
1676213374,133.18000,只因油
1676212475,270.29600,这么费事
1676212225,143.71800,开始吟唱
1676212177,303.78400,你币无了
1676212073,287.12600,因为猪脚面有一股魅劲儿
1676211892,424.19100,感觉猪脚太软了，反而口感不好 
1676211853,382.84400,这可是你说的
1676211459,243.65900,那时候惠来有人吗
1676211154,386.06700,饭！饭！
1676210929,30.62400,不是小吃，是正经饭
1676210348,256.29900,砂锅卤才正宗
1676210340,309.67000,？
1676210299,235.07900,还是用你的脚好一点
1676209926,256.49900,看到这色泽，已经口水狂喷
1676208682,102.99200,汤还是浑浊了
1676207168,52.78200,大地鱼干
1676205432,212.29400,这叫肘子
1676204685,30.49900,书小饭
1676203821,128.11100,嘉实多极护可以么
1676203568,96.65800,我直接浓汤宝可以不
1676203545,304.09000,给你
1676203456,143.93100,出卤料包啦
1676203331,31.33600,不是小吃，是正餐
1676201463,198.39700,每次看完八眉的视频我都是:还是找店面买给商家赚我钱吧
1676200751,309.32900,哈哈哈哈
1676200453,354.55100,强哥不吃面了改吃鱼了
1676199996,467.10400,卤汁拌饭，来两碗
1676199956,230.37400,九转猪脚
1676199148,387.47300,霓虹金：当然是面配饭跌丝
1676198407,106.77100,字幕说了要剔肉下来喂啊。。。。
1676198108,230.81400,卤卤你的
1676196843,481.34300,好饿
1676196424,9.65900,这剧里的人吃肠粉都不放豉油 气死我！
1676194093,296.68100,哈哈哈哈哈笑死了太可爱了，给你币给你给你
1676193452,224.27500,大肘之
1676188757,409.23400,这碗这边15块
1676187427,409.19300,看饿了，啃个面包垫下肚子先
1676184214,394.91300,我都要！
1676177629,91.77300,鲽鱼干
1676177244,247.93400,麦门！！！！！！！！！！！
1676175330,17.65700,来深圳吧，吃不完的猪脚饭
1676173346,173.99800,农国栋！！！？？？！！
1676168341,136.45800,为什么不用花生油
1676166470,433.59800,可恶！美国哪里有这个
1676140892,162.35800,豆蔻和丁香没说
1676135443,263.79600,两个太少了
1676134924,44.35100,去深圳
1676134849,69.87300,猫猫！好可爱！
1676133770,303.15100,已投币
1676133522,223.82900,这颜色不用说都知道好吃
1676133506,387.60500,我都要！
1676133362,206.93700,这么多料卤鞋垫都好吃
1676132371,0.42400,省流：杀了俩人
1676131809,119.84900,八八提醒啦，要把肉剔下来！！不能好心办坏事啦
1676130242,44.44000,我之前一直以为真是猪脚，结果是猪肘
1676130202,207.43500,在煮卤水
1676129725,212.76900,这是肘子
1676129686,326.03400,老板真实诚呐，还送俩卤蛋
1676129045,195.90200,我已经忘了是在煮什么了
1676128401,347.47200,混剪太帅了
1676128079,303.52700,暗示粉丝走的早？
1676127980,336.26500,不会剪视频的美食up主不是好厨师
1676127950,9.59500,感觉看起来肉太厚太多，是肘子，广东蹄子做到面里用蹄尖部分
1676127558,17.29500,是你弟弟                                                          
1676127375,239.89100,煮5个小时？？那我觉得有些钱还是让饭馆老板赚了吧。。。
1676125038,326.04300,我呢？我再煮一碗。
1676124759,281.22000,我也条了
1676124123,444.63200,好饿好饿好饿好饿
1676124016,247.01600,好饿好饿好饿我真的好饿
1676123863,103.31500,好饿啊
1676123820,0.25600,这是猪蹄吧
1676123637,173.07500,华农？？
1676122910,36.59900,币都给八八留着呢。
1676122859,24.82900,啊 我就在隆江
1676122698,212.94800,如果没有火枪，可以用喷火龙吗？
1676122677,394.90000,什么档次跟我吃一样的猪脚！
1676122453,121.55500,我腾哥
1676122402,246.35200,一顿正宗味道好且肉多的猪脚饭确实奢侈现在也是
1676122284,387.82000,都要
1676122030,291.54400,停！不要在说了耳朵要起茧子了
1676121433,386.25100,饭！
1676121415,53.86500,直接浓汤宝
1676120784,291.04900,哈哈哈哈哈哈哈
1676119776,25.55400,猪脚面隆江没有，珠三角有猪手面
1676119591,387.43300,面！
1676118990,441.20200,我明明刚吃了饭的呜呜呜
1676117839,387.71000,要你
1676117104,378.94500,？你说不要那我偏给（叛逆
1676116369,381.97000,小朋友才做选择大人全都要
1676115480,295.91200,哈哈哈哈哈，这里的切换绝了！优秀!
1676115002,403.04900,八妹喝汤好可爱怎么回事
1676114896,74.95900,桃酥~好久不见~你币有了！
1676114441,424.07900,放那么多卤料和酱油不用盐了吧？
1676114115,148.66400,哈弗茨一下子没绷住
1676114044,36.79800,饿！我好饿！
1676113970,296.81600,哈哈哈哈哈哈哈哈哈
1676113743,460.05100,哈哈哈哈哈八启强
1676113469,123.95100,只因油
1676113149,230.25200,？？？我感觉你在骂我，但是我没证据
1676113098,417.55600,八眉在哪个步骤放盐了吗
1676112998,296.08000,哈哈哈哈哈哈
1676112987,167.19700,吃过的也分辨不出来
1676112963,431.55900,饿了饿了
1676112885,270.28200,通感是吧
1676112679,0.30300,深圳人 狂喜！
1676112671,82.70700,沈阳人表示：这样就可以了，不用继续了
1676112503,76.59900,桃酥太可爱了
1676112457,36.89900,饿
1676112250,311.59600,哈哈哈哈
1676112229,394.85600,没有皮卡！
1676112101,336.17400,会剪的
1676111995,30.46200,好啊
1676111770,383.28500,我全都要
1676111611,128.72100,没有的可以用柴油
1676111486,341.06500,哇趣
1676111359,340.36300,我在猪脚面里看狂飙
1676111313,296.23600,哈哈哈哈哈哈哈
1676111230,309.28100,哈哈哈哈哈
1676111207,382.83800,下次一定
1676111126,387.40900,都要！
1676111125,119.53700,眼瞅着弹幕从21到34
1676111113,292.09500,哈哈哈哈哈哈哈
1676111090,311.70000,笑死
1676111048,69.63100,暂停看猫
1676110978,167.85000,有被内涵到哈哈哈哈
1676110967,9.65900,3分钟！
1676110953,36.73400,4分钟
1676440226,460.66900,我吃鸡蛋
1676437853,128.90000,弹幕这么多大师管别人喂不喂
1676435117,346.89800,hhhhhh
1676435067,297.33400,www
1676384676,474.75100,起八强哈哈哈
1676383216,318.08000,吃不到猪脚的男粉就不投币了
1676383135,213.50800,没有火枪用美杜莎
1676381811,37.15100,你最好说到做到
1676381343,199.21400,卤出鸡脚(雾)
1676380572,196.75600,建议再加一罐可乐
1676372931,311.12300,哈哈哈  法院见
1676364621,382.09400,我就要给！
1676361748,422.95400,为什么我闻到香味了，原来家里的饭做好了。
1676346261,304.44300,哈哈哈哈哈哈哈哈哈哈哈哈哈哈哈哈哈
1676339285,10.45200,八眉好厉害
1676308421,423.14500,是故意的还是不小心的
1676308329,128.77200,全合成0w~20
1676305918,168.37500,主厨宣国栋？
1676305013,441.69000,嘌呤飙升~~~~~
1676304179,199.55000,鱼露？？？
1676302891,269.62000,通感！！！
1676298260,455.39100,路人震怒
1676297566,356.96900,被你笑死了
1676295245,394.37600,我全都要
1676292553,469.58600,我打算明天叫个猪脚面
1676292018,387.17100,你骂谁呢
1676290213,135.67900,跟我一起读：鸡（kun）油
1676289774,434.37600,广东人表示好的卤猪脚确实是入口即化的
1676286955,388.03000,我全都要
1676286686,387.24900,小孩子才做选。
1676286679,387.24900,我全都要
1676284102,423.13500,入口即化 难以言喻～
1676283652,394.84700,烂不烂问厨房
1676283061,310.80400,你币有了哈哈哈哈哈哈哈
1676282379,444.54000,可恶，他都是一次成功的嘛？这么厉害
1676275609,311.51000,？
1676267707,0.94300,是谁冒充省流发言，给强哥腻害的！！！
1676264114,32.04200,男人的浪漫
1676253769,85.28200,不不不现在都是浓汤宝科技与狠活
1676252111,324.34800,哈哈哈哈哈哈哈哈
1676247537,311.37900,笑死了
1676222281,10.41900,啵啊
1676222214,408.42300,哥，这个碗筷掉档次了
1676221909,17.89600,肠粉没有酱油，真是不可忍受。
1676217367,132.93400,只因油
1676215682,91.85500,这里其实可以换成几颗干瑶柱，效果会更好
1676213898,338.96300,大学很穷的时候才吃猪脚饭和猪脚面，现在看到就怕
1676212534,213.43900,这叫肘子吧
1676212526,148.93400,哈哈哈哈哈哈哈哈哈哈怎么在这里看到小凯
1676212406,29.81900,打工人必点
1676210167,30.15900,属于正餐了，不是小吃级别的
1676208135,149.79600,砂仁猪心
1676206186,255.36200,别说唐朝了，宋朝人都很少吃猪肉
1676205132,234.57700,？？？
1676203384,29.58700,正在吃着呢
1676202124,409.12900,您是选饭还是选面
1676202057,206.72400,不卤个十个八个的都对不起这料
1676200026,11.43300,猪脚面（炒冷饭）
1676198295,318.27100,他奶奶的不给我面是吧，你币没了。
1676197242,311.35900,凭什么，我要吃猪脚吃面再喝汤，女粉丝和阿婆主都给我饿着
1676196087,387.29000,鳌拜：我全都要！（握拳
1676195777,10.20100,他们吃肠粉不加酱汁
1676194147,32.35500,好呀好呀
1676193514,263.27300,就放两个鸡蛋我觉得不中！得放六个才够嘿嘿嘿
1676188127,247.80100,汉朝的时候就有南越国了，你猜唐朝的时候南粤有没有人？
1676184895,135.44100,只因油
1676184030,183.68800,我可以吃不出来但是你不能没有
1676183855,290.06500,哈哈哈哈哈哈哈哈
1676182417,297.45900,哈哈哈哈哈哈哈
1676179674,206.85200,弃之，食锅
1676179525,387.28600,我全都要
1676178658,381.75600,就说怎么能没有猪脚饭哈哈哈
1676177386,175.08300,农国栋把
1676174271,338.06300,剪辑区up主
1676172420,311.02100,笑死了
1676167801,401.91700,水晶哥偷吃八妹的猪脚面
1676162931,304.15900,男粉丝是弟弟 T T
1676141069,340.05900,duangduang的！
1676140426,17.99200,来我深圳
1676139840,121.37900,中华田园犬表示:去骨头？你们太逊了
1676138559,148.93300,哈弗茨怎么今天下了场在这看到你了。。。
1676138195,295.31000,哈哈哈哈哈哈哈哈哈哈哈八眉你怎么这么可爱
1676135644,63.89400,这不是猪脚，这是肘子。
1676133064,402.32900,饭！
1676132389,318.65400,男粉丝不准备投币了
1676131768,55.20500,快餐
1676130626,44.70800,猪脚：我不重要
1676130535,311.14100,哈哈哈哈哈哈哈哈哈哈哈哈哈哈哈哈哈哈哈
1676130197,63.76100,狗彘食人食而不知检
1676130037,460.77200,一千人跟我在凌晨看猪脚面doge
1676129141,262.84700,才两个鸡蛋！！多放几个！！
1676129085,106.43900,虾皮行吗
1676128461,302.46000,哈哈哈哈哈，施法成功
1676128291,388.24000,全都要
1676127988,304.57900,uhhhhhh
1676127235,37.05400,你这图片也不是猪脚啊，这不是肘子嘛
1676126370,37.31100,没听过那证明你真的不是gdr
1676125638,468.53700,这是用来炒牛嗨的！
1676124862,229.74600,未必喔~
1676124285,247.78500,唐朝人不喜欢猪肉
1676123823,70.54700,人不如猫
1676123732,0.57400,来了！！
1676123309,420.77100,来力！浓硫酸之嘴！
1676122596,242.66500,因为废火吧
1676122439,144.66000,是香茅？
1676122336,311.13400,下次一定
1676122269,168.13000,吃过其实也分不出来的
1676120564,0.67900,你终于做肉了！！！
1676120151,24.04100,阿星
1676119398,78.26000,原来她叫桃酥啊～
1676119073,324.11500,哈哈哈哈哈哈哈哈
1676116944,290.30200,hhhhh
1676115733,357.03300,用刚刚的卤水拌面会不会更好吃
1676114863,324.07400,duangduang好评！！！！
1676114854,45.07600,最重要的不是猪脚吗？
1676114415,255.74900,是肘子
1676114343,304.70200,哈哈哈哈哈哈哈哈哈哈哈哈哈哈哈八妹你真行哈哈哈哈哈
1676113099,290.15400,笑喷了
1676112984,287.84600,哈哈哈哈哈哈哈哈哈哈哈哈哈哈哈哈
1676112966,224.66800,这拿来卤拖鞋都好吃啊！
1676112703,318.01500,我是能吃猪脚哈哈哈哈哈哈
